0.09213245
0.09682743
0.10025834
0.09453011
0.099836715
0.09639304
0.09744397
0.09573856
0.089881
0.10432339
0.099797554
0.10316248
0.09829399
0.097974055
0.104651935
0.10308241
0.10418199
0.0956155
0.097021535
0.090008646
0.106226936
0.09964449
0.103160426
0.09442294
0.09925584
0.10161844
0.10916959
0.09896396
0.09001491
0.10537333
0.09850308
0.10985995
0.09856331
0.11073055
0.10547928
0.112730056
0.09511917
0.09289519
0.101762325
0.10705483
0.09726566
0.09693725
0.10635424
0.09276173
0.09788292
0.09697852
0.10047501
0.09595054
0.09240304
0.09503241
0.093347594
0.0986009
0.09537487
0.098551475
0.095195994
0.09613567
0.10632251
0.09996944
0.09584931
0.09466966
0.09889972
0.09413818
0.101259224
0.10256745
0.09698818
0.10742987
0.09470018
0.094384946
0.11722917
0.101826094
0.093235984
0.10266853
0.096048966
0.10988374
0.103295565
0.1011249
0.100132994
0.10121803
0.10089791
0.10122183
0.10932453
0.09527164
0.10687281
0.09805372
0.09684388
0.09760042
0.1015318
0.09846513
0.096977085
0.10489344
0.09795205
0.10182209
0.1
0.095601894
0.10012756
0.096128464
0.102608584
0.106177084
0.10172569
0.09725764
0.09561428
0.09631325
0.09798113
0.09177069
0.09819654
0.09760392
0.09367195
0.10422166
0.10402719
0.10032685
0.10757293
0.10142477
0.0953547
0.09285441
0.10076219
0.1048417
0.09865168
0.094725445
0.09475808
0.0974619
0.097969405
0.103944086
0.0928032
0.10420143
0.09737598
0.10862441
0.10386544
0.093923554
