0.05642536
-0.02933918
0.0020408598
0.15089789
-0.37961265
0.13145638
0.075049676
0.11156925
-0.24326904
0.042032026
0.1995893
-0.042113177
-0.16308445
-0.06642519
0.16345268
-0.17022552
0.0809588
0.14561975
0.20250489
-0.03219577
-0.20815581
0.20294015
0.23049688
0.018419499
-0.18815936
0.20384611
-0.06885538
-0.13944682
0.117284454
0.011109621
0.19177333
0.06889644
0.16493921
0.18439819
0.22669426
-0.19736741
-0.23499879
0.10867495
0.0748998
-0.15980282
0.088198796
0.14883438
-0.27849156
0.32547253
0.2384081
-0.15204008
0.17973416
0.26894465
0.23975042
0.1884562
-0.18802017
0.043168947
-0.025718398
0.20485413
0.2317162
0.10941518
-0.018699093
0.26171625
0.2161946
-0.1981971
-0.012900613
-0.00240314
0.13258603
0.1608734
0.39278123
0.17488596
-0.13448907
-0.0636822
-0.14017239
0.027159087
0.28642273
-0.016512737
0.05716512
0.31029886
-0.0077563594
-0.048560955
0.23814176
-0.056475565
0.07894108
0.0447848
0.34239885
-0.056277458
0.19131926
-0.09954835
-0.14954193
0.12478195
0.050917264
-0.1196223
0.10926562
0.06661076
-0.2830989
0.24365026
0.28946584
0.09135252
0.16357864
0.20045759
0.23457552
-0.24936877
-0.38232154
0.08328473
0.14580671
-0.1026263
0.11000394
0.11919002
0.15359056
0.22099741
0.3468487
-0.078112885
0.031126399
0.3394316
-0.31865534
-0.06679239
0.14912076
-0.3316599
-0.14813583
-0.019710079
0.24937475
-0.15471767
0.1197622
-0.22297017
0.25557277
0.21800898
0.14931409
0.040758424
0.30256915
0.3158962
-0.08705366
0.1461015
0.3077724
-0.19568782
0.12850434
-0.21860586
0.16201545
-0.1739795
0.07012794
-0.16965884
0.0010772947
0.06958894
-0.062849484
0.048702125
0.18058775
0.08403231
0.21114308
0.11820442
