-0.1204045
0.025123216
-0.19014518
-0.033342395
-0.051211365
0.0281049
0.11252917
0.10754457
0.08621411
-0.1651043
0.12896113
0.11951358
0.067014635
-0.0030294599
0.187887
-0.043634363
-0.19434042
0.017417679
-0.21278836
0.0334969
0.100335926
0.20312677
0.0457308
-0.12004478
-0.035191525
0.22438939
0.007555366
-0.069292024
0.14549881
0.07713337
0.15244752
-0.15723641
-0.18947694
-0.043025024
0.06317986
-0.037922103
-0.08881441
-0.18083407
0.02067387
-0.0757803
0.16072433
0.006882569
-0.10921234
-0.07158984
-0.10390231
-0.011778311
-0.004592256
-0.2609831
0.0902493
-0.079447106
-0.015790753
0.0285861
-0.06788601
0.16191019
-0.025635576
-0.15737504
0.0018901299
0.33418655
-0.046357017
0.13903964
-0.038955323
0.016761186
-0.09293923
-0.15235846
-0.12478178
0.0019796444
-0.088292606
0.028010366
0.10671622
-0.05476577
0.096699394
-0.17914449
-0.1991049
0.15396012
0.081497274
-0.0312031
-0.13486029
0.09219827
0.17319392
0.16992168
0.01686417
0.13431503
0.11551794
-0.045109253
0.01452476
0.012018018
0.23922019
-0.014074914
-0.196277
-0.04301273
-0.10280682
0.15108626
-0.01790032
0.06737448
-0.08673557
-0.058853213
0.11691632
0.015368408
-0.017488766
-0.0043955534
0.01252663
0.060033582
-0.036156647
0.029742967
-0.030574545
-0.059968844
-0.12757424
-0.07759325
0.10355239
0.20130694
-0.109403975
-0.07062838
0.020310368
0.1585891
0.037667066
0.06595286
-0.16101117
-0.19687127
-0.07063745
-0.15690891
-0.085203186
-0.2554488
0.010187248
0.1324376
-0.06245048
-0.056498498
-0.1827014
0.0023665733
-0.00590837
-0.09604804
0.061838556
-0.17210637
-0.031900764
0.027830718
-0.0020466018
0.049968537
0.28806034
-0.015655693
0.084547766
0.105806746
-0.059546538
-0.21829808
-0.008709533
-0.00048834755
0.24709974
0.1299735
0.11705962
0.056851443
-0.00779296
-0.014784582
-0.059707236
-0.15373532
-0.029751057
0.032606944
-0.062419664
-0.12611414
-0.008956582
0.15732552
-0.08777494
-0.05748806
-0.19515915
-0.002204728
0.018421752
-0.0029594325
0.01017514
-0.12221598
0.028342443
-0.12735425
-0.066252515
-0.030218897
-0.07283973
0.037945803
0.10722577
0.0037078615
-0.02434626
0.111556694
-0.13566466
0.0478326
-0.0012697326
0.006749857
-0.026278637
-0.00581961
0.078827985
-0.11260162
-0.11813231
0.15581647
0.048938777
-0.033213016
-0.07938656
-0.15996781
0.045538533
0.06356252
-0.13367876
0.052864194
-0.051989324
-0.009441572
-0.10677194
0.091687754
0.05620694
-0.08870826
-0.002533192
0.114252545
0.11416659
-0.00547845
0.083332635
0.10335798
-0.09606307
-0.014745072
-0.23623401
-0.023092562
-0.013047434
0.04914748
-0.054261606
0.05653329
-0.016263735
-0.14778702
-0.19512475
0.018175399
-0.016788404
-0.12478919
-0.07938446
0.01576089
0.1687091
-0.010526367
-0.14130758
-0.14292438
-0.11321012
0.011724119
-0.11602996
0.0369034
0.001632487
-0.095590994
-0.07276355
0.036863822
-0.17987335
-0.025932176
0.13346043
0.11926993
-0.081265494
-0.11718754
0.1485868
0.006238954
-0.10397104
-0.20299593
0.05878727
-0.055207334
-0.04491068
-0.107101835
0.067459434
-0.0733701
0.007623874
-0.1315883
-0.08373694
-0.03751065
-0.069192894
-0.08913428
-0.041437514
0.13384542
-0.18768245
0.08158996
-0.08086569
0.09258026
0.087937556
0.23135757
0.02979496
0.1569884
0.08818954
0.073349364
0.12758188
-0.13775028
0.20459898
-0.12594558
-0.00217442
0.026231943
0.03768847
0.08312709
-0.12974459
0.038600333
-0.00020135916
0.17425835
-0.031208605
0.13796347
-0.17155199
-0.04548524
-0.07806585
-0.103666864
-0.029938685
-0.024026452
-0.13924791
0.038320284
0.039439257
-0.05976754
0.09428737
-0.0060057114
0.01702564
0.059407454
0.09819363
0.013392528
0.0033430809
-0.010545649
0.16476543
0.041658808
0.06488291
-0.015735647
-0.07320001
-0.059872087
-0.15903093
-0.097600825
-0.09731397
-0.08719111
-0.10136878
-0.033126038
0.009363399
0.011766577
-0.018534476
-0.17498475
-0.021635909
0.10995435
0.17640783
-0.07904337
-0.005954483
0.14278203
0.0076601976
-0.0016273418
-0.101057865
0.011825298
0.031562176
-0.00010234089
-0.03363717
-0.0832271
-0.017817823
-0.027610099
0.07167888
-0.044696115
0.098977484
0.03265797
-0.14135434
-0.0519685
-0.10770788
0.17652619
0.049789757
-0.019033633
0.0019656532
-0.22215648
-0.048191138
-0.031930853
-0.008994799
0.032055262
-0.20992905
0.15374751
-0.0152070895
0.101349846
0.006768009
-0.044988085
-0.054676857
-0.109802164
0.025542706
0.046805114
-0.023250787
0.10308263
-0.1679012
-0.18051332
-0.05912259
-0.09341663
0.08561866
-0.047842197
0.09754465
-0.07949871
-0.016256997
-0.16369164
-0.06445055
-0.12736273
-0.014263145
-0.011924763
0.0683093
0.07611125
-0.096749194
0.17896406
-0.11481985
0.0066654286
0.042050082
-0.17407376
-0.13803962
0.104433
0.1271624
0.007152043
-0.2175152
0.14059904
-0.0058507714
0.13078134
-0.12954156
0.08618643
-0.13309668
0.0153959505
0.15663935
0.060651205
0.2126886
0.055662222
0.11518075
0.058180034
-0.30235183
-0.09133606
-0.23696008
0.016688332
-0.07725576
0.078086935
0.049707044
0.14046313
0.030610505
0.058676377
0.087159224
0.023348648
0.10464961
-0.009748298
-0.046177972
-0.019417033
-0.044850502
0.010153547
-0.15211259
-0.053702123
0.15221055
0.0024175164
-0.022690969
0.06287561
0.1411249
0.06668436
-0.10993624
-0.07911731
0.24568595
-0.07678575
0.24530786
-0.07395995
-0.04813184
-0.17240423
-0.08340381
0.13197863
-0.04846554
-0.010667361
-0.13150428
0.086089484
0.0059878896
0.00043112112
-0.07943787
-0.07614182
-0.06310864
-0.0893383
0.043126892
-0.09080636
0.09929313
-0.15723404
0.13105926
-0.09663697
-0.01693904
-0.08092581
0.0010178129
0.0016755183
-0.018648552
-0.0073488955
-0.09770859
-0.07068689
0.11618574
0.088579364
-0.107235454
0.16638151
0.091056675
-0.0452202
-0.00303733
-0.04356898
0.012866564
0.18720078
-0.04486336
0.0032134876
0.11351692
0.09835493
0.118547134
0.08809747
-0.09579655
-0.07877065
0.12022901
-0.00291738
0.1768102
0.06839614
0.014767796
0.106091976
-0.042835824
0.094584264
-0.016371457
-0.016006459
-0.07955853
0.013921063
-0.119317
-0.084301546
0.038826853
0.016155392
0.11421335
0.16394979
-0.07394601
-0.17860173
-0.05358962
-0.1885447
-0.04048298
-0.019968089
0.056858107
-0.13332087
-0.05457451
0.13497426
-0.08627634
0.006547888
-0.022389924
0.014350098
-0.110997885
0.024096936
0.20879093
-0.056387972
-0.16074738
-0.06647123
-0.1203324
0.12372602
0.13713141
-0.04792357
-0.021908373
-0.016156962
0.058528863
-0.12033611
-0.063362725
0.0115208905
0.07900934
-0.050529797
-0.12777859
0.08381062
-0.099499404
-0.10414909
-0.07388467
0.075154595
0.069719955
-0.0422016
-0.084960975
0.19520953
0.07928628
0.13722084
0.19692297
-0.15866955
-0.022351297
0.0837034
-0.023654692
0.13292783
0.22252536
-0.07766511
-0.038098134
0.113497086
0.042710494
-0.10326598
-0.050514907
-0.10167322
-0.099026054
0.060906153
0.0886507
0.064011715
-0.056016546
-0.061149485
0.003348675
-0.11938473
0.11438372
-0.030331783
-0.12336765
0.13872433
-0.09676844
0.04592569
0.10751698
0.23421983
-0.227048
-0.06392008
-0.036735237
-0.01790591
-0.055746313
-0.09796243
0.010885246
-0.20657568
-0.0717664
-0.0079099545
-0.0036280006
-0.14389302
-0.01018329
-0.13646102
-0.13658004
-0.09563201
-0.096153006
0.12805901
0.026855651
0.09649013
0.011447493
-0.16966054
-0.047746792
0.13688503
-0.10127542
-0.15773092
0.04989956
0.18367499
0.05347969
0.04987701
-0.04537273
0.081710406
0.041000582
-0.028883087
-0.052561253
0.0028151602
-0.012865323
0.148277
-0.13577893
-0.04814231
-0.018111805
0.059349347
-0.14885324
0.09387272
0.04486587
-0.16171373
-0.12205703
0.017332602
-0.03064643
-0.019900272
-0.055889
-0.010005821
-0.07216994
-0.04738171
0.081925236
-7.020231e-05
0.09535786
0.02999685
0.08061599
-0.14867043
-0.07837307
-0.1859002
-0.0049485536
0.016054878
-0.008682758
-0.026171174
0.066073105
0.0987217
-0.10726671
0.009447447
-0.04515837
-0.045180093
0.17262357
-0.06405884
-0.03712924
-0.035859257
0.11954121
0.08760954
0.057027392
0.04696915
-0.2012652
-0.13723002
-0.05911706
0.12342412
0.079938136
-0.05569888
0.10241085
-0.045871608
-0.08184548
0.11238226
-0.04634691
-0.07047428
-0.19846049
0.07036597
-0.004519915
-0.20357633
0.016792824
0.02324415
-0.028468821
0.044568285
-0.0194441
-0.05243747
-0.19718334
0.14909393
0.0129579995
0.023722218
-0.170589
-0.09265919
0.034111947
-0.21333428
-0.08715334
-0.11660848
-0.0623255
0.046329413
-0.018932257
-0.013829676
-0.104358844
-0.009873816
0.1006963
-0.07248699
0.08574992
-0.07018986
-0.10163331
0.25425997
0.022636838
0.010541554
-0.022587314
0.19692893
-0.09278751
-0.10217458
0.11453011
-0.036148816
0.17993283
-0.040840376
-0.07642373
-0.14200142
-0.12690751
0.0027882508
0.003342105
-0.031850614
0.009278306
-0.11551928
0.14170887
0.07000599
0.09435445
-0.13175261
-0.07891954
0.10982087
0.111007154
-0.021261398
-0.08299575
-0.01016298
-0.19535851
-0.11804488
-0.07393776
0.06224064
-0.041715752
0.13984962
-0.031397894
0.3250522
-0.13583876
0.038651146
0.16382448
-0.029548222
0.14363246
0.11208663
-0.029459441
-0.037689436
0.0021066447
-0.1103516
-0.04788275
0.00628604
0.07979255
-0.18519126
-0.18386818
-0.08168599
-0.0050789346
0.056784693
0.19566137
-0.1469454
-0.20334093
-0.032984465
-0.08735176
0.017288724
-0.111047536
0.06427323
0.07120739
0.0154013075
0.08644925
-0.0050176075
-0.1306821
-0.080845326
0.123771474
0.036124945
-0.18907923
-0.035325103
-0.11373425
-0.17905621
0.09500772
-0.16766517
-0.13021794
0.025231777
-0.07781189
0.028851615
0.0056306836
0.2175722
0.15344521
0.054217055
0.06264653
0.009720641
-0.055397965
-0.053025827
0.01647619
0.04372159
-0.040471744
0.021048103
-0.19589284
0.06473944
-0.24397063
0.22251563
-0.08253116
0.19879146
0.102711014
-0.15375125
0.061417162
0.077331714
-0.008929696
-0.16098644
0.013224644
-0.16598351
-0.03456955
-0.06444505
-0.19827652
0.0050649587
-0.16239777
0.06374054
-0.024502836
0.13581872
-0.08662624
-0.068272606
0.12556729
0.005908505
0.10171481
-0.06455564
0.14495848
-0.030688941
0.14183196
0.11491743
-0.15860371
0.104571156
-0.07155832
0.13907915
0.007279679
0.010799218
-0.08821854
0.13760522
0.11798659
-0.077528074
0.2645721
-0.08856198
0.07695312
0.079960085
-0.039460223
-0.10815866
0.069359116
-0.022656728
0.06801707
-0.17878827
0.15019624
0.026322832
0.069789656
1.5792588e-05
0.093886316
-0.068384595
0.054870658
-0.13445537
0.11603469
0.27790383
-0.076412216
-0.04739535
-0.15664436
0.15799864
-0.10190987
-0.052242886
0.078382194
0.048525833
-0.020896941
-0.012902099
0.12252865
0.15468282
-0.10841566
-0.07370049
-0.050894156
-0.0050967564
0.1040991
-0.097732894
0.045424536
-0.07010072
-0.066151395
0.14763601
0.15552618
-0.13732964
0.010585026
0.108397365
0.10190569
0.037154246
-0.007517666
0.09762966
-0.17343359
-0.15877561
0.025063878
-0.042130835
-0.08913315
0.030112695
0.15070058
0.13355061
0.020101426
-0.07244584
0.09685354
-0.08619622
-0.076533526
-0.0491543
0.011006396
0.06718022
-0.026602156
0.18000475
-0.03955637
-0.19069335
-0.038470324
-0.044626974
-0.06746787
0.0669401
0.062015306
0.021944147
-0.0600818
0.021689055
0.04308228
-0.032765795
-0.10082733
-0.028030414
0.0019981358
-0.044709228
-0.0009807136
0.011782865
-0.113143615
-0.18338245
-0.17325668
-0.060093198
0.020611938
0.05948436
-0.04110684
0.08405155
-0.028192801
0.17513739
0.20868418
-0.13546944
0.2009438
-0.027263194
0.21766338
0.020830343
0.07943488
0.023324823
-0.138718
0.04719544
0.07995505
0.014390595
0.1382118
-0.07766944
-0.006313517
0.010545526
0.010972497
-0.05350132
0.15193349
0.020677593
-0.24048105
-0.029176686
-0.06230108
0.061743572
0.078663886
-0.07143757
0.042495117
-0.08160616
-0.061435487
0.02474261
-0.069259964
-0.00035880983
-0.15192817
0.019666292
0.19289209
-0.21982245
0.04361665
0.066921584
-0.15322213
-0.15883379
0.038596697
-0.100541376
0.08583114
0.12021777
-0.19431348
0.080212615
0.048722632
-0.12432931
-0.10469586
0.048200555
0.15809967
-0.13047497
0.011895618
-0.0012458618
-0.1212187
-0.1385413
0.060254637
0.2529564
0.06269132
-0.14671527
0.040539585
0.2809127
-0.026221402
0.099449486
-0.16943432
-0.03633102
-0.119767316
0.017892089
-0.055966742
0.008177606
-0.16303502
-0.026610253
-0.049755324
0.12062967
0.04388703
-0.056218043
0.0249551
-0.019911338
-0.03215633
-0.048910096
-0.03644965
0.02686468
0.16787419
-0.19083497
-0.10687903
0.21748699
-0.1858142
-0.10861336
0.030357152
0.027370118
0.06491403
-0.023750737
0.03549613
0.059737056
-0.002368409
-0.013347183
0.14519572
-0.12025241
0.1446716
0.0718412
0.20794782
-0.075006515
0.13232537
0.049848735
0.19808675
0.14757214
-0.06896173
-0.0056560505
-0.022771217
0.09024975
0.021062665
-0.062879294
-0.07073969
0.0725447
0.0028944109
-0.11343707
-0.10733943
0.033952337
-0.07512403
-0.13572887
0.18996762
0.028796498
0.057050824
-0.043925643
0.09397423
0.060125913
0.18526842
0.13505277
-0.11754171
-0.116511814
0.18869564
-0.04804375
0.081523396
-0.10965256
0.10257738
0.06571507
0.059204232
-0.14278337
0.05676383
0.0017929149
-0.038601264
-0.0038619684
-0.19421633
0.082150154
0.03966067
-0.10538247
-0.06832649
-0.01594543
0.01998129
-0.25261524
0.06945878
0.0016250171
-0.086064495
0.18785739
-0.21617152
-0.20316195
-0.18332693
0.30366483
-0.08178882
0.042506594
-0.15737075
-0.06437884
0.12433689
0.00014414165
-0.2499671
0.0072725555
0.099416636
0.06537028
-0.030703897
-0.021544445
0.113351166
0.022537753
-0.024716824
0.0074332734
-0.15792944
0.19858344
-0.114050366
0.15443784
-0.055951454
0.12356619
-0.025909338
-0.109813
0.1420705
0.12918626
0.12473952
-0.04574041
0.02249844
-0.08966754
0.044445306
0.071829386
0.004675457
0.04603568
-0.23947656
0.12929292
-0.07510524
0.0077755144
-0.002481952
0.085470095
-0.03823171
-0.01683926
-0.028594004
0.14904366
-0.018131617
0.0940193
0.10501884
-0.1382172
0.20657489
0.008543887
0.16867004
-0.010761024
0.02491687
0.00876096
0.101788305
0.092125565
0.02654694
-0.009494207
-0.082985714
-0.023139264
0.013120295
0.06882407
0.062043477
-0.19315347
0.06776966
0.051273834
9.601803e-05
-0.1601793
-0.09977009
0.18442148
-0.17789055
-0.08046006
0.03942251
-0.09170697
0.14897369
-0.10485313
-0.04295699
0.032884292
0.008737415
0.09915256
-0.14352974
0.058113314
0.22502166
-0.10712132
0.0927781
-0.100685894
-0.11464706
-0.05462299
0.059486937
0.030230822
0.14867419
-0.11534866
-0.11220192
-0.039825812
0.022275688
-0.056269143
-0.035343856
-0.16851595
-0.11167516
-0.09408687
-0.089642994
-0.027280731
0.028018702
0.0044574086
-0.0917586
-0.1542156
-0.07028382
-0.005865535
0.047758892
-0.13656673
-0.06989111
-0.15720928
-0.019820072
0.11580793
-0.002553986
-0.0018075766
0.13823454
-0.03687176
0.19699346
0.030301329
0.014984161
-0.08602777
-0.07523642
0.21763133
0.009554015
0.12631369
-0.12840427
0.19364399
-0.10391756
-0.12239399
0.06534843
0.07436167
0.1354211
-0.012821676
0.049543593
-0.11843782
-0.09784569
-0.08436397
0.076774985
0.109313786
-0.05720604
-0.014686652
0.20714547
0.073080376
0.02370252
-0.18595642
-0.08636805
-0.1087206
0.0656289
-0.13816258
-0.1491367
-0.030753678
-0.27195993
-0.013083144
0.021899443
0.14918324
0.110092156
-0.08596518
0.05771554
0.20099467
0.1156682
-0.051245786
-0.03810202
0.041068193
0.017868606
0.055954847
-0.092779614
0.09401538
0.004773194
-0.04684549
-0.104636215
-0.0018867187
-0.041617148
-0.13667147
0.024648475
0.045300752
0.13339244
0.01881472
-0.010994826
-0.17605814
-0.046636924
-0.018574018
-0.02086523
0.041123834
-0.03917771
0.062052
0.0022960666
-0.18750094
0.03236443
0.16406189
-0.0003239862
-0.1364814
-0.04637482
0.16927633
0.037674095
-0.14581825
-0.1015277
0.0021112766
0.07521782
-0.03208272
0.029479625
-0.045898583
-0.043249
-0.08043274
0.00337413
0.02076341
0.07717334
0.14985459
0.029568998
0.14225301
-0.13248287
0.0028645978
0.23127021
-0.08908207
0.10762371
-0.08819737
-0.09901073
-0.102366135
0.17530474
0.1789799
-0.027865995
-0.13977584
0.04621648
-0.12288578
0.07152037
-0.082350604
-0.08053909
-0.22906344
-0.16024174
0.08332759
0.133648
-0.105076745
-0.09135248
-0.11623867
-0.11614117
-0.057685103
0.0037603597
-0.099767864
0.10710417
-0.08229593
-0.045637757
0.11132602
-0.016248316
0.13955118
-0.00037840178
-0.11223397
-0.08274768
0.10894221
0.010186971
-0.1802962
0.1349267
0.11857227
0.047396593
0.17127132
-0.046876665
0.27583513
0.028931933
0.1505293
-0.0047452664
-0.030740706
-0.03976469
0.12059929
-0.105488636
-0.024706783
0.05759004
0.161533
-0.08069949
0.06278748
-0.11747566
0.048204966
0.03205083
0.06619309
0.2665551
-0.12619156
-0.04968393
0.16648676
0.16181268
0.14921813
-0.041860793
0.07205769
-0.046547964
-0.03136429
-0.030133614
-0.16415343
0.14034984
0.040820062
-0.112574
-0.033331458
0.1726282
0.061278846
0.10047103
-0.08595578
-0.1008556
-0.15463349
-0.07222994
-0.09288767
-0.001771226
0.053059526
0.11515903
-0.13742712
0.00856546
-0.16025992
0.09480613
-0.051785003
-0.036726348
-0.050818224
0.014748041
0.16660063
-0.07094493
-0.08059276
0.01086115
0.08570889
-0.116572656
0.03645452
0.16766524
0.22840925
0.09417577
0.002999724
0.1727092
-0.063559085
0.1149076
-0.12362943
0.09141057
-0.15590258
0.019577311
0.19688933
0.14641255
-0.0032423465
0.01697166
0.09429034
0.08280878
-0.01587275
-0.09652408
-0.0779941
0.106132865
0.20153548
0.016302126
-0.16738129
-0.0044275993
0.17971115
-0.02372879
-0.15644647
-0.018612796
0.12473016
0.06520079
0.04371789
-0.024028463
0.11225466
-0.02582314
0.092004165
-0.016457383
0.21831039
0.08831272
-0.21339767
0.08532633
-0.11052268
0.05599103
0.21403387
0.025924746
-0.113322295
-0.1275375
0.069342725
0.096689686
0.00057005987
-0.09952355
0.02776632
-0.022479832
-0.107266665
0.00032730462
0.053817756
-0.059803575
-0.13700613
0.07016422
0.10891741
-0.13740596
0.021709783
-0.11304277
0.11076848
-0.06123237
-0.063382365
-0.010561743
0.0643528
0.10919917
0.053594775
-0.1515834
0.04636176
-0.054234747
-0.1411973
0.0065611256
-0.028599702
0.13385125
0.07176117
0.037386652
0.056602802
-0.05140201
0.05194966
-0.040589463
0.029526528
-0.083224654
-0.17456336
-0.14706452
0.00732905
-0.042879205
0.20133555
0.018364834
-0.25173652
-0.013488545
0.14574507
0.083529204
-0.09286124
0.0037323122
0.18482642
0.017659947
0.15300108
0.075286396
0.30367532
0.06339754
0.08113922
0.1860723
0.11741505
0.032673568
-0.12420912
0.17822175
-0.18451704
0.07683257
-0.16392444
0.059578255
0.030689292
0.17218706
-0.13989456
-0.1584726
0.06180335
-0.051324047
-0.1552995
-0.0022806057
0.18513833
-0.10552548
-0.17051192
-0.045579128
-0.046586085
0.021177843
-0.12623033
0.03130866
0.092039146
0.104597494
0.027848372
-0.030206883
0.049007908
-0.039190557
-0.15704681
-0.012122449
0.11852884
0.07365874
0.17185529
0.032617707
0.21070299
-0.062692255
0.027022118
-0.06616481
-0.068423405
0.05993209
-0.006160162
-0.036552027
0.058109835
-0.056988887
0.1591676
0.029744504
-0.19691676
-0.10201408
0.12084469
-0.11984717
-0.040101938
-0.10236626
0.06532295
-0.22174805
-0.093419954
-0.011230401
0.10584094
0.012148338
-0.24786581
-0.077527545
0.004084327
0.053011503
0.006167564
0.045015465
-0.14657274
-0.26588696
-0.2000857
0.06780452
0.026406739
0.1000536
-0.034550734
0.12468855
0.024714679
0.068867825
0.017609166
-0.038769342
-0.04701885
-0.0014800585
-0.069594264
0.1411958
-0.15076861
-0.025878184
-0.00734882
-0.08454766
-0.12974793
-0.07400104
-0.023606991
0.021909885
-0.07259606
-0.09961677
-0.024205258
-0.1258565
0.013656761
-0.059194956
0.0033554093
0.015543399
-0.08148382
-0.0762227
0.02431261
-0.17817187
-0.05886189
-0.027769497
0.086596616
0.10910254
-0.06577866
-0.062570594
0.05258283
-0.053718463
-0.15536453
0.107615605
-0.10908266
0.17058364
0.049719006
-0.046710353
0.13100828
-0.030838117
-0.06335031
-0.09865647
-0.0050393674
0.23684774
0.10802715
-0.056878343
0.25466532
0.030447003
0.119382344
0.08477718
0.14629148
0.08891582
0.14119864
-0.070190266
-0.032115024
-0.16698979
-0.11792772
-0.016429348
-0.071914546
-0.038579706
0.0062133227
0.11199155
-0.10019031
-0.09862329
0.023663634
0.19813348
-0.09079367
-0.20113002
-0.1543602
0.11328213
-0.0713655
-0.037666477
0.094979465
0.05846831
-0.05466883
0.010527856
-0.082875855
0.026362244
-0.041779835
-0.11873036
-0.10682133
0.02056682
-0.13706161
-0.13739222
-0.02716175
-0.2022325
-0.013221052
0.15396903
-0.06618338
0.09054813
-0.28014067
-0.07362328
-0.046999633
-0.0021051308
-0.033182487
0.0019310528
0.04148023
0.09280251
0.06961512
-0.026686493
-0.16817133
0.15384685
0.022862418
0.24846792
0.000116451745
-0.07923568
-0.069916
-0.00017348386
0.037427593
0.10298962
-0.06907746
-0.14552629
-0.012245548
0.011098753
0.01612021
-0.06511797
0.032311622
-0.10109611
0.05983503
-0.20780076
-0.07163522
-0.041256435
0.02798573
-0.008298882
0.092368916
0.051593926
0.1572582
-0.031635992
0.12704414
0.20733401
0.05196897
0.06687488
0.036694024
-0.03430222
-0.04217451
-0.045746647
0.06586682
0.06011511
0.082383394
-0.14645134
-0.0757169
-0.041159406
0.11871945
-0.22811945
-0.118589826
0.011275552
-0.02688923
0.119904906
0.0021299948
0.052457288
0.14450166
0.006702533
-0.028456574
0.025353896
-0.08514167
-0.018043164
0.043920506
0.106768064
0.008820628
-0.13686147
0.037566837
0.17245278
-0.12179893
0.11131281
0.1055748
-0.18887962
-0.117842026
-0.041962612
0.036661126
0.025156232
-0.04504713
0.14181408
-0.09570517
0.091339335
-0.097394325
-0.11468656
0.035292126
-0.0071829986
-0.087544404
-0.021398732
-0.0025763356
0.12121725
-0.104716584
-0.2268716
-0.13644789
0.028346865
-0.0037261571
0.06455495
0.10413369
0.13550435
-0.041735172
0.042357016
-0.0960097
0.16825423
-0.09647105
0.028576782
-0.08886396
0.08872648
0.07997826
-0.21942222
-0.027547095
0.022040674
0.019098433
-0.013523712
0.012590462
-0.03318948
0.13027868
0.0015454704
0.062516466
0.0050040614
-0.09390954
0.15397787
0.04872626
-0.00059997756
0.030594835
0.12652558
-0.02161227
0.06934054
-0.021853289
-0.110358246
0.066244274
-0.05679347
0.20886983
0.029380083
-0.054835115
-0.01164403
0.08629602
-0.019249974
0.028661031
0.061379734
-0.06497599
0.1451936
-0.076000854
-0.066223726
0.05644294
0.052107412
0.1383744
0.1946537
0.0646969
-0.10422119
0.029578887
-0.019121982
-0.14580652
-0.10369787
-0.020478897
0.03337354
0.019991023
0.036384106
0.048128944
0.043082748
0.07479942
-0.021910982
0.031253424
0.09305519
0.031185739
0.07048159
0.119371995
0.18030404
-0.09507226
-0.07186374
-0.01240671
0.07181412
-0.07319272
-0.06322135
0.12290312
0.033131056
0.0005757736
-0.026869303
-0.07400718
0.04187638
-0.08385546
-0.07337907
-0.013872634
-0.081131645
0.21446809
0.027813647
-0.046353474
-0.061064187
0.118447416
-0.07542946
0.10279145
-0.020760976
-0.16645114
-0.0008420986
-0.08179375
-0.05016819
-0.12535155
0.16780388
0.18146102
0.21317959
-0.010279022
-0.14071552
0.014175387
0.013607515
-0.01144412
-0.2380084
0.09705555
0.032912772
-0.080616854
0.011796295
-0.027839974
-0.14890404
-0.10036908
0.010547723
0.1737143
-0.03905368
0.052267272
-0.05070555
-0.04883656
0.010662916
0.08586806
-0.2215289
-0.07256263
-0.06653768
-0.08972377
0.13461675
0.08303519
-0.011144363
-0.079169214
-0.09299446
0.048241913
0.08698254
-0.15916339
0.043803584
-0.00388777
-0.0022950715
-0.2128222
-0.076507635
0.05548755
-0.15349361
0.009716888
0.13475502
0.22843876
0.09243085
-0.038221076
0.03553159
0.22890681
0.06556316
-0.107621245
-0.11372338
-0.10191675
0.04847476
0.0890685
-0.09535063
-0.08049568
-0.09809984
0.08824827
-0.055074077
0.1269932
0.123609155
0.18816803
0.1538815
-0.09091101
-0.1190476
-0.05806632
0.0040692044
-0.040796623
-0.10247195
0.07434974
-0.023846906
0.101231955
-0.055606447
-0.0347881
0.14444618
0.15181464
0.15327673
-0.004623753
-0.070489645
-0.086019196
0.11293014
0.124338895
0.032699227
-0.09448595
0.20519665
0.07280444
0.11170669
-0.1531209
0.06336714
-0.020788006
-0.031345345
0.064113624
-0.013021061
-0.041881483
0.17299034
-0.08165802
0.03555198
-0.10760789
-0.05052927
-0.04096552
0.12629196
-0.06813127
0.2121816
0.17298363
-0.12777162
-0.074592076
-0.039878715
0.06181648
0.055635013
-0.10969922
-0.05726244
-0.020457624
-0.017314218
0.0074156905
0.051864058
0.15573937
-0.0050678323
0.05055623
-0.04005385
-0.04694937
0.05912062
0.14347996
0.039143182
0.24205875
0.02217079
0.057577703
-0.06363726
0.03709277
-0.012959452
-0.042136304
0.13961604
0.20946631
-0.025380313
-0.013759787
-0.066210404
0.1489579
-0.04181089
0.08703306
0.002239863
-0.029816743
-0.015460453
-0.011197697
0.12137583
0.015377176
0.13690622
0.033300936
0.08899705
-0.0225387
0.19081855
0.018094793
0.03333856
-0.063607246
0.08124768
0.0028763711
0.17890081
0.017273048
-0.17148907
-0.10996179
-0.10475865
0.04666729
-0.015299177
0.08182141
-0.024460882
0.19399716
0.031342812
-0.047570184
-0.049667183
0.14552373
0.10341978
0.09551926
-0.01823862
-0.055581026
0.15223777
-0.20079169
0.1408581
0.18448114
-0.039349496
0.015231312
0.104076125
0.05520118
0.070769556
0.039374307
0.08793792
0.11923044
0.03649825
-0.065519735
-0.025712352
0.046438746
0.061243553
-0.018844642
0.09603498
-0.10719674
-0.18138102
-0.017715113
0.10065542
0.11994157
-0.14288858
-0.0559152
0.16487679
0.10926905
-0.11085499
-0.15389886
0.03800212
0.046158306
0.16846903
-0.24059814
0.061535407
0.031387296
0.120661564
0.00055774144
0.07565894
0.1854681
0.12997709
0.08234747
0.10354743
-0.08276157
-0.020613559
-0.11736353
-0.16694546
-0.02124664
-0.01136884
0.009787252
-0.054436363
0.03638888
-0.122452185
-0.13812718
0.03806152
-0.020981412
-0.08212376
-0.07900052
-0.013337697
-0.15502751
-0.19462013
0.033483304
-0.10587901
0.2243107
0.08413351
0.17137668
-0.15870783
-0.08024537
-0.21296567
0.008824709
0.036725916
-0.18037035
-0.11364881
0.0823084
-0.043075506
0.11828722
0.13663211
0.02779653
0.021770064
0.109403685
-0.07423021
-0.17086536
0.054424744
-0.13198332
-0.011737953
-0.068904094
0.2860332
0.042255756
-0.063766696
0.08228191
-0.0998014
0.027719714
0.021618064
0.079290256
-0.060661774
-0.09446894
-0.12029938
-0.11227575
-0.07931341
0.008819452
-0.02469704
0.013034135
-0.05328503
0.07154654
-0.040979188
0.05455225
-0.022830756
-0.064605735
-0.013932828
0.013331747
0.005413508
-0.15183385
-0.04639708
-0.046579506
0.027797384
-0.033803344
0.116751894
-0.010307171
-0.0600888
0.072107196
-0.06407198
0.13959356
-0.2187933
-0.026926918
0.10778171
-0.008797207
0.018341077
0.13611387
-0.11324706
-0.045710817
0.10455215
-0.015758118
-0.054473992
-0.06741303
-0.13495216
-0.06381923
-0.15031758
-0.023158746
0.120662756
0.18251097
0.043144707
-0.124663
0.17772691
0.05614726
-0.10517634
-0.001223174
-0.09226387
-0.048317097
0.033225458
-0.108623415
0.018827017
-0.17966586
0.16879836
0.049524497
0.0061664246
-0.15798171
0.117833
-0.013636872
-0.13724484
-0.028334958
0.07101152
0.095283896
-0.10529571
-0.22217306
-0.07009396
-0.0037141296
0.0641761
-0.041298755
0.12043255
0.11405155
-0.09961621
-0.02968178
-0.07450564
-0.13745417
0.16966078
0.12156733
0.07822569
0.097028956
0.09502199
-0.022235775
-0.0132849645
0.026473708
-0.04709205
0.044533316
-0.17151232
0.10567817
0.051370908
0.035477255
-0.14113294
-0.06423267
0.026197588
0.17554541
-0.0027203902
0.1784111
-0.088798515
-0.12532242
0.113671444
-0.050760005
0.04975033
-0.023750229
-0.05815266
0.04968514
0.066013865
0.018158903
-0.051679995
0.07519252
-0.10325683
0.09383631
-0.118849084
0.01160392
0.03966342
0.06296441
-0.0855341
-0.10988553
0.008657842
0.05410066
-0.021165108
-0.22762977
0.100698344
0.06710206
-0.02426796
-0.10325145
-0.03790588
-0.026021702
0.065252
-0.061869223
0.0015724708
-0.084976956
-0.08919409
0.13754474
0.039384384
0.043849062
0.035967432
0.10260436
-0.14297542
0.038449578
-0.06998352
0.011004229
0.0923962
-0.10191518
0.009223156
0.023304176
0.00987047
-0.17039306
-0.10464555
-0.034513444
-0.2369797
-0.09801976
0.15357833
-0.07519781
0.017703472
-0.1537945
-0.0021568222
0.13266899
-0.036779024
0.22522631
-0.121465795
-0.023122957
0.12476934
0.031162186
-0.19793168
0.112418376
0.03818581
0.050267152
0.026934352
0.09778986
-0.061485164
-0.058925163
0.0024290343
0.09470286
-0.0030220672
-0.04012409
-0.11995454
-0.060943164
-0.032683123
0.09571147
-0.15640335
0.10610588
-0.14051703
-0.07675697
0.03860894
0.14604901
0.19254647
0.004232981
-0.053763393
-0.2206801
-0.19095767
0.08481616
0.093047634
-0.12900941
0.021797623
0.013449949
-0.13144378
-0.13608037
-0.12572578
-0.09188071
0.059431236
-0.0049477825
-0.0050510773
-0.053465184
-0.02505051
-0.059521705
-0.020652227
0.1194508
0.10502566
0.03581302
0.057657477
0.13758726
-0.01640664
0.10479582
0.063267045
0.059200507
0.033802778
-0.17962575
0.042066213
0.0025064687
-0.07471877
-0.0043792515
0.12462033
-0.055464074
0.18281376
0.015390315
-0.0064449036
-0.023928303
0.013584981
0.12755336
0.0450858
0.042176384
0.06981747
-0.04623855
0.14738813
-0.07145218
0.126925
0.03462571
-0.118732505
-0.103643216
0.043657545
-0.1885567
-0.0051625962
-0.02663755
-0.12772273
-0.19140491
-0.19757614
0.093963936
-0.05562174
-0.14542575
0.124780074
0.06540982
-0.1852874
-0.12007895
0.14013468
0.040976517
-0.035858992
-0.11671446
-0.065724336
-0.027369011
0.053756535
-0.1057846
-0.06198558
0.17080985
-0.098023385
-0.1810717
-0.07871843
-0.013169983
0.06829464
0.13806164
-0.13174744
-0.020143751
0.04072407
-0.004503484
-0.09302657
-0.093790814
-0.001339028
0.11319202
0.12173618
-0.13694857
-0.10274531
0.11344854
-0.054694686
0.14131878
0.051032797
-0.015940582
0.034827862
-0.023171006
-0.015000513
0.163504
-0.04389791
-0.04039037
-0.096582524
-0.08091061
0.0860645
-0.16198994
0.024192344
-0.11844122
-0.11403718
-0.085397616
0.061261717
0.17033693
-0.096915215
0.024039395
-0.048343454
-0.011073478
-0.046832297
0.014695078
-0.09125071
-0.018523114
0.03835252
0.102568716
-0.02260815
-0.04927158
0.17522882
-0.07292721
-0.07892286
0.019374358
0.0778354
-0.10206175
0.029480271
-0.15165703
0.05676846
0.15059726
-0.039632782
-0.11914358
-0.13060798
0.097634785
0.10604303
0.038532015
0.24979948
0.031827606
0.070589766
0.14780135
-0.08298473
-0.057032738
0.10700751
0.11018361
-0.04386651
0.16701953
0.09652314
-0.023626655
0.11888894
0.058329996
-0.08900391
-0.029026207
0.23179981
0.16235559
0.059910413
0.017297491
0.07630576
0.0032700745
0.0036549761
-0.11071755
-0.10967949
0.05617438
-0.036621552
0.12325328
-0.18035449
0.087161936
-0.03264502
0.021094665
-0.07259381
-0.012888667
-0.118965305
-0.09106058
-0.089257285
0.1438799
0.0028303189
0.044615325
-0.07839933
-0.032828745
-0.07327229
-0.019340394
0.22183348
0.20241287
-0.16441241
0.057897132
-0.012225362
-0.15908577
0.07078458
0.11807721
-0.074007265
0.020761264
0.13139528
-0.063393146
0.09473765
0.11511141
-0.13674891
-0.102310784
-0.07905398
0.0565592
0.053221453
-0.040373836
-0.02772064
-0.10009593
-0.0042642374
0.15604453
0.13304682
0.123518065
0.06049809
0.023233678
0.00805804
-0.015113252
-0.03685107
0.033169113
-0.009215089
-0.047228217
-0.032413255
0.16680156
-0.011764917
0.17869489
-0.04854152
-0.059652057
-0.18544677
-0.019724848
-0.075384155
0.049885552
0.013493989
0.111351594
-0.037781417
-0.04277077
0.03462377
-0.017037084
-0.060450863
-0.053905334
-0.06440922
0.05601683
0.027571466
-0.1875086
0.013906278
0.11963211
0.08885933
0.103398845
-0.01775805
-0.016825298
0.014038843
0.07298393
0.08965313
0.084095776
-0.18529347
0.00018709255
-0.045517303
0.045932192
0.09544321
-0.01951296
0.0066416305
0.06984955
0.1426583
-0.084916264
0.01658911
-0.06974587
0.018492399
0.08371792
-0.108977675
0.15577838
-0.06705597
0.1430937
-0.06296038
-0.11516318
-0.031373136
-0.1527623
0.077352524
0.025862483
0.012552664
-0.020503985
-0.07090739
-0.03326454
-0.11679342
-0.006383414
-0.034969263
-0.007930148
0.05666173
-0.2170631
0.08561939
-0.07590624
-0.18693377
0.03534713
-0.03274239
-0.2145502
0.053515602
0.008534478
-0.20098005
0.09265858
0.004597246
-0.07757735
-0.002307552
0.067819886
-0.11854301
0.11531235
0.067658946
-0.01431576
0.008795223
-0.15542156
0.14038481
0.06551982
0.15359618
0.020234494
-0.16291286
-0.18787219
-0.031065183
0.059587836
0.18259293
-0.19559264
-0.016589656
0.11621813
-0.1522327
-0.07407298
0.12148737
-0.1119879
-0.038945742
-0.08693465
-0.07654638
0.030764848
-0.102200806
0.02403223
-0.23324227
0.0066830576
-0.042107552
-0.09891434
0.06850445
-0.0387635
-0.058033254
-0.12237084
-0.036909297
0.030274015
0.022904808
-0.24069287
0.015945481
-0.06033109
0.08682127
0.019695671
0.09399124
-0.04998268
-0.056647904
0.12705125
-0.034737863
0.08734645
-0.014568983
-0.030069847
0.10587896
0.041259177
0.1360348
0.028756766
0.12296947
-0.0061450764
0.13680576
0.025222776
0.08945048
0.10763063
0.08235159
0.14203823
-0.09763755
0.014386163
0.22388203
-0.15387265
-0.12085301
-0.12541804
0.15222979
-0.11219599
-0.108127385
-0.024484884
-0.048927143
0.011869806
0.025456974
-0.051318984
-0.12551409
0.13457522
0.06860369
-0.09172528
0.05915611
0.04310409
0.043421384
-0.0009280887
0.0040040473
-0.027537141
0.0129176965
0.15474421
-0.11218709
0.08527909
-0.12163308
0.20564145
-0.19669925
-0.11928628
0.1960456
0.07521109
-0.092932254
-0.10174464
-0.14496167
0.09456506
0.040818647
0.1091094
-0.04497584
0.10266523
-0.16892757
-0.05395
-0.10881575
-0.09096355
-0.06396513
-0.033753447
0.018771116
-0.06472771
0.045384735
-0.11463527
-0.11221229
0.1295973
-0.057924565
0.067402825
0.023856368
0.088267334
-0.06513514
0.15610236
0.13266435
-0.04240324
-0.113198824
0.050509166
0.12643188
0.013877668
-0.21597035
-0.13818473
0.14406142
0.004893261
-0.023597902
0.011141692
0.15776674
0.001691223
-0.020606047
0.020761436
-0.09928371
0.005892003
-0.008359186
0.080191635
0.09622381
0.18348067
-0.035926472
0.175804
0.021690464
-0.029737778
-0.11147257
-0.09568449
-0.021714302
-0.107701875
0.110961884
0.029368937
0.10111506
-0.057414696
-0.17528382
-0.11410122
0.05308244
0.11457957
-0.108890645
-0.14438877
0.03041889
0.12686752
-0.15323456
-0.22880596
0.05538284
-0.115128845
-0.05259917
-0.12718722
0.062169805
-0.0003879865
-0.18611169
-0.15885796
-0.08919707
-0.05911706
0.06751622
-0.12241595
-0.09331505
0.14948884
-0.004699173
0.006656026
0.02810077
0.17347659
0.22987127
0.0293752
0.13608885
-0.038866185
0.1494818
-0.010959551
-0.071507975
0.03605699
-0.015870001
-0.09026385
0.05078365
-0.021649215
-0.09752787
0.10712294
-0.19654101
0.18601826
-0.17014122
0.21817796
-0.112862185
-0.07182983
0.1138847
0.05806876
-0.12726997
-0.123256065
0.03316238
-0.0056573153
-0.008150799
0.032488093
0.036787
0.09551066
0.05788754
-0.014648967
-0.013647716
-0.067215115
-0.034217782
0.008568629
-0.07799074
-0.11972152
-0.02376189
-0.009590511
0.022046775
0.09136092
0.054662764
-0.037961148
-0.0058406084
0.043055125
-0.19255872
-0.011084703
-0.057498533
-0.09648586
-0.20111024
0.22586039
-0.007313842
-0.06544665
0.05554627
0.086071126
-0.08065244
0.17786081
0.055741984
0.08297364
0.18358463
-0.11366378
-0.047818758
-0.04015751
-0.066658586
0.0244182
0.105333224
0.054071877
-0.008565395
0.14865063
0.057299513
-0.092083454
0.1447854
-0.061439447
-0.057598956
0.06570337
-0.27481693
0.12214253
-0.12693489
0.058057718
0.16471052
-0.08220605
-0.1172792
0.014346388
0.07239625
0.14658278
0.10502135
0.044559903
0.06480523
0.2574388
-0.020756371
-0.043178074
0.16409674
-0.012045113
0.07116902
-0.1895733
0.19501992
0.078644745
-0.01958423
0.08861139
0.02061702
0.042804148
-0.07311978
0.13588662
-0.13811375
0.0267442
0.22197342
-0.09702828
-0.17065938
-0.18584614
0.07275081
-0.07868222
0.040289715
0.20931315
0.22024122
0.16772436
0.024349535
-0.03132755
-0.020502878
0.19456181
0.12654786
-0.0077338805
0.21650867
0.1132815
0.07404475
-0.03182057
0.014474856
0.13038181
0.10431957
0.037859455
-0.03683762
-0.107799225
-0.103626676
-0.10254741
-0.1552606
0.098730415
-0.06523113
-0.12716699
-0.081355944
0.0004076217
0.013729203
0.07050315
0.056200005
-0.067020856
-0.003538676
0.22309378
-0.15359172
0.2827777
-0.009428275
-0.08216201
-0.09891952
0.11535312
0.02845486
-0.05608193
0.13188064
-0.012342895
-0.017682394
0.056494128
0.00184348
-0.07296019
0.14121227
-0.056364905
-0.09117381
-0.14267321
0.06838827
-0.063911185
0.07924276
0.0114315655
-0.1584393
-0.12770918
-0.02390185
-0.08994024
-0.12891006
0.21328084
-0.13436481
0.16930582
-0.07038855
0.10825659
-0.17247622
0.113434054
0.011016862
0.15839595
-0.033326652
-0.0021493086
0.10372588
0.17034662
0.0032107206
-0.107456885
-0.065211624
-0.12732118
0.026464907
-0.10209502
-0.12839866
-0.049899712
-0.10594615
0.24199729
-0.0021222988
0.17954142
-0.10267178
-0.01451552
-0.1604969
-0.04808051
0.079205036
-0.0879552
0.11774394
-0.09286058
0.10982349
0.09045181
-0.05807762
-0.0017036529
-0.192076
-0.04041235
0.2098605
0.01193072
-0.052256428
-0.06635631
-0.11000943
-0.102894396
0.17609903
0.05055544
0.06410388
0.015848378
0.08445313
0.055338025
0.07246092
-0.027615508
0.03484752
-0.14177443
-0.007539392
-0.024982063
-0.08200366
-0.123113155
-0.17454682
0.038809482
0.20086265
-0.11893071
-0.105747506
0.09561669
0.15092266
-0.12164314
-0.021339908
0.058341775
-0.040033624
0.058673956
-0.07988602
0.0007576814
-0.026373213
0.16809155
0.1438641
-0.1379297
0.076573335
-0.16948134
0.045680065
-0.116246805
0.06780702
-0.088239044
0.12638463
-0.07355169
-0.13024715
-0.06870222
-0.1363097
-0.19155446
0.03576671
0.0028268066
0.17260528
-0.14919208
0.03804295
0.0821875
-0.1376578
0.016754825
0.01425358
0.054895025
0.114125974
-0.07334947
-0.005306816
0.07545616
-0.20543048
-0.19673955
0.20208196
-0.13035639
-0.009235028
-0.0030864745
-0.063686155
-0.013322709
0.048821338
0.00020396107
0.14132197
-0.070332214
-0.15425439
-0.06192696
0.096240185
0.014702381
0.01664678
0.11028385
-0.06983294
-0.0057860874
0.12157427
-0.01595084
-0.08732686
0.06237296
0.06454639
0.06502654
0.05831681
-0.026666325
-0.057936646
0.0189338
0.035524298
-0.05080255
0.005835508
-0.053295445
0.015100626
0.020330394
0.20314427
0.08532358
0.100829184
-0.04955172
-0.121661544
0.08868996
0.15044454
0.020812487
-0.19451325
-0.030926028
-0.13363737
0.10856094
0.0076669585
-0.004789294
0.02457925
0.007891268
-0.049346603
-0.05081871
-0.24218364
0.17139341
0.10804505
-0.055921786
0.028073967
0.02075475
0.11569433
0.0058569605
-0.007178392
-0.11292597
0.0742552
0.1503321
0.095900334
0.16221854
-0.07274955
0.15898046
0.02897659
-0.043175
0.13758883
-0.14047156
-0.13224177
0.022505794
0.022797486
0.026722513
0.16117047
0.05187258
-0.09204555
-0.19298168
0.12850623
-0.013831088
-0.1145557
0.061537504
-0.08385359
0.17982015
0.021668423
-0.027133627
-0.21358223
-0.0841423
-0.227452
-0.05842886
0.18399963
-0.16075434
-0.14094457
-0.054680604
0.08569302
-0.048449263
-0.023009777
-0.0276218
0.05263023
-0.039312832
-0.06806304
-0.081234835
0.020330952
0.1872596
-0.16603455
0.04632988
0.014025402
-0.106380925
0.03782112
0.059295375
-0.29747826
-0.1440814
0.07269438
-0.13997559
0.0004401764
-0.1996214
-0.060052894
-0.004686205
-0.06954477
-0.1420044
-0.06661764
-0.04923141
-0.053688258
0.0029197393
-0.013634611
-0.0380867
-0.01453595
-0.091936916
0.10887346
-0.19184412
-0.014480782
0.07459578
0.10628713
-0.10476242
-0.102726586
0.1615225
-0.2203755
0.09151791
-0.0569559
-0.060381826
0.043935597
0.049715918
-0.13880047
-0.07139308
0.27788168
-0.16772404
-0.13343453
-0.029800074
0.05435124
0.03699517
0.0062654815
0.10749412
-0.10022924
-0.03346886
0.032946274
0.09210921
-0.018128747
-0.028875478
-0.05518023
-0.010995183
0.12516072
0.15425766
-0.12905923
0.11933953
-0.08516703
0.083353795
0.059770484
-0.077571966
-0.18685335
-0.2291964
0.14441958
0.046018228
-0.13432029
0.031630106
0.09880071
0.09432858
-0.06088876
-0.003756004
0.05375731
0.101607785
-0.055628426
-0.11631317
0.003027483
0.111895286
0.08719324
0.020976776
-0.121415295
0.043704264
-0.11207257
0.124202564
0.28156933
-0.22031365
0.094946474
0.032626875
0.008463073
-0.22013044
-0.2314363
0.10270638
0.07222417
-0.21679391
0.08693079
0.04345475
-0.07205127
0.028253958
0.0838756
-0.14113396
0.112591326
-0.034043744
0.07292132
-0.034495186
0.08826427
0.1106589
-0.018456083
-0.08210805
0.038912512
0.073057435
0.014289246
-0.056522302
0.13338862
-0.18270066
-0.002562694
0.050538488
-0.06958593
0.13639964
0.058351383
-0.20447421
0.20535061
-0.036880158
-0.046642408
0.097789146
-0.04098695
-0.15045807
0.15237571
0.08868206
0.08098676
0.06269807
0.068516135
-0.006263963
-0.20585383
-0.14922845
-0.0059839757
-0.10014182
0.0833307
0.041646183
0.06600282
0.02667145
0.12804526
0.028897138
0.0361564
-0.028806357
-0.026160289
-0.0072185905
-0.009880136
-0.017897965
0.08033818
-0.20098774
0.11493367
-0.046709374
0.0050619654
0.013311918
-0.11223278
0.016357278
0.17638716
0.05808113
-0.10405109
-0.1201981
0.08216848
-0.0050430857
-0.13736486
-0.13945605
0.23573264
0.11120846
0.22917327
0.009500727
0.14191392
0.008864284
-0.13607593
-0.22966506
0.07961128
0.08023876
0.10765621
0.029414428
-0.13465798
-0.011175053
-0.21168102
-0.078494236
0.09248146
-0.036883403
-0.036684606
-0.10706073
0.034018166
-0.0012013023
-0.12370377
-0.00683822
0.04732582
-0.16846345
-0.092451334
-0.02994265
0.011229869
0.01637379
-0.17940678
-0.053854197
0.1084322
-0.15316957
-0.123036034
-0.051661797
0.04651869
0.10773642
0.13014044
-0.08222243
-0.16537069
0.04689939
-0.03612105
0.013172517
-0.026037352
-0.04330833
-0.028183786
0.06341741
-0.0015152296
0.040916473
0.11161552
-0.17102224
0.1037765
0.015213953
-0.09487415
-0.010307677
-0.0058528115
0.030017799
-0.07811017
0.046946436
-0.028423268
0.16493444
0.019283947
-0.0035682388
0.09255258
0.079869315
0.0477706
0.16447528
0.14652716
0.112576805
-0.11990051
0.05467863
0.051201556
-0.09451179
0.02053085
0.056052152
0.0035681042
0.15242074
-0.11142722
0.12210886
0.0246103
-0.030383842
-0.017105307
0.023307364
-0.08465898
0.030523244
-0.009644759
0.07999605
0.029190307
-0.10275125
0.06158781
0.101540335
0.04598563
-0.053374827
-0.13953057
-0.06992975
0.18414804
0.06324276
0.014497359
-0.03919043
0.030243171
0.11038813
-0.19728988
-0.08691227
0.03141061
0.0185325
0.0934792
-0.051609498
-0.13727595
0.19074842
-0.2056085
0.019356128
0.015049939
-0.056053467
0.20890552
0.07988567
-0.22000092
-0.12856878
0.1445781
0.21434206
0.0032033469
-0.18936056
0.14741196
0.025845733
0.14589295
0.16130003
0.011000856
0.013532083
-0.06957375
0.17519248
0.24777833
-0.058251824
-0.052701157
0.053434074
-0.2327923
-0.12867539
0.016677799
0.03946003
-0.069055885
0.13474834
-0.15806873
0.21853028
-0.06788596
-0.20822568
0.1454824
-0.22024015
0.21876194
0.02967792
-0.21977678
-0.021271998
-0.055555202
0.00887697
-3.1952648e-05
-0.04420317
0.10471013
-0.13076335
-0.04729753
0.10765225
-0.1634058
-0.14143696
0.026067493
-0.04542966
0.058996934
-0.043794144
0.042545184
0.067902476
-0.023733262
0.020117955
0.067270495
0.090597205
0.108579345
0.09478614
-0.0030272712
-0.0581145
-0.21651119
-0.00701296
0.08817423
0.02470999
0.018510938
0.08589973
-0.055956967
0.068998314
-0.029380076
-0.036580794
-0.034481376
-0.03633196
-0.09918525
0.13780476
0.12695271
0.120864384
-0.09957251
0.10220662
0.18302712
-0.07502918
-0.028550245
0.12321376
0.019694192
0.14965503
-0.14914733
0.018938858
0.16758843
0.16353966
0.12251148
0.12904331
-0.19185266
-0.06512594
-0.1850768
0.093341775
0.24581237
-0.060903322
0.02117175
-0.13316129
-0.19003381
0.049076714
-0.038480658
0.015811374
0.06764913
0.012061272
0.037664738
0.048638176
-0.104159944
0.032346975
0.013786092
0.044503298
-0.043568235
0.08821385
0.17242391
-0.16196392
-0.04058127
-0.012162098
-0.13549982
-0.090392366
-0.033275552
0.0067361877
0.12426914
0.12551083
-0.19449525
0.028593695
-0.049616117
0.010521283
-0.016816672
-0.006341342
0.06348552
0.028297136
-0.14318098
-0.094361074
-0.009470163
0.09217129
0.02407513
-0.14682277
-0.010804129
0.00016151404
0.09825248
0.099357985
-0.1297039
0.010601983
-0.056254078
-0.095687635
0.12689292
-0.10277706
-0.07254359
-0.06383514
0.07152407
0.05633759
0.13682823
0.18686269
-0.15931906
0.06558396
-0.08738684
-0.09308747
0.15584747
0.123760656
-0.15263851
-0.1475028
0.051606696
-0.11420476
-0.10535548
0.025286296
-0.24379452
-0.11561796
0.037836764
0.0117589
-0.119230755
-0.08965252
-0.03886057
0.042196292
0.14935146
0.11314125
0.0017173111
0.16340622
0.09475944
0.0042976085
-0.05512365
-0.051833
-0.011539813
-0.060283966
0.057100415
-0.005451345
-0.1274777
0.021579145
-0.0049229083
-0.15106279
0.0979224
0.10430657
-0.067013405
-0.049385462
-0.029549656
0.18643329
0.1924034
0.02777429
0.03628527
-0.10640996
0.042302545
-0.061953515
0.07167055
-0.08031456
0.0011245977
-0.13698484
0.05104032
-0.029881233
0.06786145
0.019661251
-0.13271756
0.08881039
0.0005632737
0.07025565
0.075504825
0.015354687
-0.034987032
-0.08854822
-0.17259446
-0.023006426
0.15032922
-0.043678556
-0.13041955
-0.069549456
-0.09932013
0.063213915
0.14225475
-0.0018542944
-0.10926577
0.12603387
0.06821916
-0.02590234
0.11089807
0.04760398
0.08232078
-0.11243271
0.02831032
-0.07150085
0.15012026
-0.17222191
-0.0855963
-0.066266485
0.057631053
0.06317872
-0.0012766005
-0.2466622
-0.076631345
-0.045020342
-0.072762534
0.14678125
0.07483836
-0.18304294
0.041336477
-0.06765886
0.02141694
-0.046953075
-0.0016282141
0.16070825
-0.09625342
0.008044257
0.030514322
-0.02187006
-0.2900595
0.018813716
0.0024381431
0.09991607
-0.07256952
-0.12046078
0.0408994
0.018627793
-0.21247718
-0.024808554
-0.0814197
0.17630517
0.15238692
-0.0023208554
-0.12348102
-0.025254404
-0.16824794
-0.10985443
0.031272344
0.093886025
-0.13249664
0.15482004
0.022427095
-0.12160984
-0.019855442
0.037996605
-0.1776234
-0.13920495
0.09429382
-0.008396417
-0.0726974
0.05046237
-0.048434258
0.10742219
-0.02959211
-0.0074921832
0.12596756
-0.11414413
-0.057114314
0.055195037
-0.024453605
0.012027484
0.014205926
0.089845344
0.03585134
-0.065210566
0.010885889
0.07165797
0.030747455
0.0066368943
-0.10603096
-0.036356494
-0.02188424
0.13023992
-0.19111857
0.043764424
-0.09574583
0.014436613
0.016058976
0.054902483
0.13342606
0.07210101
-0.087829545
-0.022567187
0.05193595
-0.13274615
-0.07205427
-0.067217216
0.10834361
0.13056956
0.09759369
0.065611124
-0.110824145
-0.110724404
0.050621502
-0.09989529
-0.22210936
0.060316555
-0.032979496
0.0416144
-0.05157681
-0.14713848
-0.037256014
-0.15783253
-0.15235768
-0.21565846
0.19081818
-0.12667052
0.017428245
-0.10038573
-0.09795527
-0.15565352
0.011965065
-0.073820695
0.0056056906
0.04496276
0.020864373
-0.066122316
0.044907667
0.06166907
0.07149564
-0.095177576
0.01608369
-0.054970194
0.08755084
-0.084158376
-0.18073493
-0.041987386
0.027780076
0.18262328
0.14271183
0.04854048
-0.048916407
-0.038834393
0.04786859
-0.026227498
-0.16358237
0.07358741
-0.12714458
0.15871002
-0.13190429
-0.022898143
0.021093724
-0.017412286
0.06323618
-0.10198148
0.019262236
-0.09742003
0.07647132
-0.048939403
0.10002434
0.25832152
0.06872429
-0.06437075
0.077517025
-0.14462201
-0.006781535
-0.03796681
0.08313811
-0.054351456
-0.0734846
-0.047444988
0.19280784
0.12727599
-0.077829964
0.14149195
-0.013249713
0.011007334
-0.1256508
0.07826494
-0.19211017
0.1220535
-0.056251537
0.013408039
-0.07764881
-0.04548723
0.18016702
0.10562352
0.05991531
-0.23148938
-0.058800295
-0.04060186
0.14688228
-0.0007962776
-0.11226052
0.01733237
0.077435695
0.06881645
0.0767477
0.1574357
-0.07398797
0.07689365
0.11325398
-0.02206243
0.059649095
0.023240136
-0.0683773
-0.1573722
0.11257365
0.012697876
0.14161098
0.0014263538
0.04888771
0.005500665
0.025375789
-0.09544776
0.14413323
-0.22141899
-0.04097475
-0.1704358
-0.3024076
0.06128876
-0.012746921
0.06732254
-0.22994913
0.08809801
0.16616039
0.10073258
-0.059954964
0.039929282
0.030894851
0.07630831
-0.023896879
0.051399063
-0.02320652
-0.08906663
0.0048343814
0.14450079
-0.027536584
0.07975713
-0.052174073
-0.11675306
0.13931987
0.06738907
0.1116573
-0.103094175
0.09401588
0.0900455
-0.094603084
-0.01136671
-0.16695485
-0.115966916
0.115802996
-0.10699435
0.0149206
-0.10239047
-0.0012520638
-0.1838833
0.20141211
0.03982893
-0.096642904
0.13168013
-0.12547392
0.18372938
-0.04279578
0.028777113
0.05949502
-0.058486372
0.023417598
0.038884662
0.024252307
-0.078671366
-0.10944109
0.025938462
0.0855059
0.081091456
-0.14486165
0.0331512
-0.05533795
0.030710671
0.24276133
0.0031599058
0.0041678823
-0.04757335
0.028511828
0.012934249
0.081584
0.12674807
0.16421725
-0.06252414
0.13966855
0.06948857
-0.084007025
0.0068377513
0.027871596
0.12449284
0.070986375
0.017809087
0.049154572
0.0139097115
-0.024844341
0.18241277
-0.099258825
-0.16604507
-0.14084028
0.015718149
0.15348262
-0.007699403
-0.09301853
0.15253948
-0.16481458
-0.057450593
0.17393352
-0.053484946
0.030553555
-0.038436085
-0.042053875
0.13860306
-0.15117887
-0.04607998
0.07392999
0.02139866
0.03933483
0.035541646
-0.100835554
0.10291082
-0.081155695
0.15569793
-0.123170555
-0.1621014
0.10504683
0.031858865
-0.034228507
0.0022260724
0.032477323
0.11618944
-0.0562628
0.019961448
0.07165543
0.03752597
0.0064700968
0.0011925607
0.1679404
0.22596765
0.12745132
0.011595482
0.030876052
0.048173334
-0.008370106
-0.035215795
0.0019782737
-0.11779592
0.039784644
-0.048890058
0.041705422
0.039520722
0.012687679
0.086664505
-0.057255235
0.026144972
-0.11505551
0.16295859
-0.034548454
-0.04185753
-0.06961197
0.011788817
0.08619097
-0.053544145
0.0054225074
-0.022232287
-0.08353633
0.11040148
0.0017633039
0.14640307
0.002937965
0.10286548
0.0590145
0.047042076
0.07742013
-0.09721961
-0.08130705
-0.040486928
-0.14968438
-0.06904329
0.0798952
0.12953338
0.13866049
0.1332981
-0.0068621957
0.11906243
-0.07888402
-0.074941844
-0.02489458
0.0454946
0.055941734
0.024736388
0.16168775
-0.07375534
0.20825993
-0.032992434
0.20444213
-0.07005132
-0.0016760015
0.18936649
0.009837086
0.03675199
0.13488163
0.04127371
0.055177543
0.14274368
-0.030866517
0.18369478
0.06374773
-0.094017416
0.21807711
-0.06720686
-0.0063005197
-0.0075535686
-0.029326992
0.109563254
0.06639844
0.21093301
-0.10634806
0.08423724
0.16534086
-0.08349713
-0.20732997
0.03721617
-0.24773301
-0.011307805
0.000937264
0.15842831
-0.10027039
-0.0425054
-0.20751567
0.21191642
0.08060134
0.103024915
0.10240369
0.058599103
0.035934795
-0.04172132
-0.1441479
-0.13666962
-0.14619857
0.13170701
-0.19885217
-0.06578756
-0.06752176
0.012626677
0.05321476
-0.112994276
0.05055425
0.08198829
-0.042169318
-0.078745194
-0.02951322
-0.1780554
-0.09970435
-0.01915065
0.00017584334
-0.015915275
-0.038776666
0.11168263
0.08294255
0.10280517
-0.14266588
0.16563924
0.09393666
-0.24876471
0.11333042
0.040167253
-0.12598673
0.0441417
-0.1528247
0.037377223
-0.035215463
-0.00678874
-0.011220596
0.05911124
0.14669773
0.002675129
0.031168185
0.03279483
-0.13114233
-0.0756461
0.024777818
0.014904343
0.06100243
0.1278434
-0.07432725
0.17105903
-0.13366638
-0.08763231
-0.026760763
-0.20978828
-0.08429236
0.09523311
-0.0105218645
-0.16584755
-0.075307645
0.12828565
-0.0897585
-0.012654856
-0.043306384
0.09684906
0.025584096
0.053681478
-0.06138399
0.047469072
-0.13722189
0.06512574
-0.14593126
-0.04247969
0.12468502
-0.040312394
0.018780157
-0.11131827
-0.008181506
-0.015336466
-0.01564376
-0.080194876
0.1517358
0.015447451
-0.061118074
-0.06365001
0.03189756
-0.13567102
-0.011893725
0.09746845
0.08117705
-0.14523986
0.07406242
-0.15783177
-0.21084058
0.029976536
0.10658384
-0.056725174
-0.0373357
-0.18137804
-0.16100845
0.18095903
-0.09241511
-0.19959968
-0.060473863
0.1855556
-0.04988651
0.1662207
-0.13970706
0.1078746
0.11607743
-0.04620401
-0.0053999545
-0.07481544
-0.17140593
-0.110196024
-0.04947902
0.10490326
-0.1404733
0.14444433
-0.051051673
0.04958275
0.08786494
0.12235379
0.04265398
0.15164618
-0.101223014
0.14914934
-0.009467844
0.011602779
-0.14078934
-0.09677133
0.12503883
-0.16749221
0.04551959
-0.192459
0.036338713
-0.07352861
-0.2558139
0.052844077
-0.011117632
0.09419188
-0.05122083
-0.028753677
-0.10089142
0.19710137
0.13572533
-0.12939933
0.08019964
0.0014465061
-0.10727914
0.053289562
-0.18302053
0.03473579
-0.036499027
0.05607837
0.060154904
0.047812168
0.20557052
0.042756785
0.18956475
-0.012700324
0.07758139
-0.11157948
0.05130952
-0.1511657
0.05439477
-0.09031498
0.121972956
-0.07794744
0.062522665
0.04544704
-0.1354933
0.12033856
0.099091
-0.08333664
0.03286306
0.03203566
-0.0028602649
-0.056575023
-0.022825275
0.08764831
-0.055842195
0.059156694
-0.20813219
-0.02908848
-0.16181038
-0.16746508
0.029380195
0.056224767
-0.20496756
-0.02128544
-0.037626315
-0.01623089
0.09228227
-0.12660329
0.09665078
0.0984235
0.05347639
0.083492614
0.085477516
-0.031711835
0.22107695
0.014602964
-0.031076355
-0.19015689
-0.0016986806
-0.110381104
-0.100693
-0.07918929
0.10059744
-0.16367544
-0.011860574
-0.07923904
0.04080119
-0.15192261
0.066444024
0.19755507
0.0038778903
-0.1397554
0.022778299
0.15486814
-0.14607322
-0.084580354
0.009176881
0.13521925
0.07496654
0.09874642
0.21426193
0.072065
0.0010909627
0.18829429
0.03925506
-0.012520367
0.04148207
0.13946025
-0.15743361
-0.037508037
-0.006294405
0.0068081804
-0.09421465
-0.09320827
0.093231276
0.016482905
0.03602735
-0.1353038
0.043628667
-0.038312774
-0.09436107
0.04333839
0.1465052
-0.0645944
0.07561585
0.021454567
-0.11430235
0.13929725
-0.07220083
0.13249205
-0.072272934
-0.026200294
0.12857066
-0.14140363
0.08752624
-0.06010701
-0.10411934
0.07809022
0.06849931
-0.04218037
-0.05331108
-0.066930965
-0.038606387
-0.08784842
0.020037655
0.089148976
0.100753024
0.09975119
0.19219282
-0.14502776
-0.095363766
0.05673996
-0.076455116
0.15997958
0.25187448
-0.09769436
-0.099202625
0.16225757
-0.15194929
0.072620936
0.1699074
0.061687298
0.04286559
0.102379814
0.09732844
-0.14039366
0.116168976
-0.12664366
-0.0020125296
-0.13741703
0.10738917
-0.08353012
0.025424803
0.040983208
-0.045301527
0.07326501
0.029699983
-0.014036838
-0.052955605
0.02617727
0.060756117
-0.099974446
-0.005354237
0.075712785
0.19488423
-0.05864953
-0.1221561
-0.08632116
0.002233406
0.064417966
-0.014363844
-0.06957532
-0.06470887
0.09668214
-0.012266988
-0.058022436
0.25258252
-0.20811652
-0.059852872
0.16871497
0.05070782
-0.23834297
0.0077003073
-0.003150774
-0.20565526
-0.047414314
0.031318206
0.08769031
-0.1394982
-0.10179514
0.16310906
-0.1948227
0.047758278
-0.13492359
0.24543744
0.07620702
0.14308219
0.08958565
0.1273456
0.074636005
-0.10011527
0.08804496
-0.15973668
-0.03758604
0.12522213
0.18748291
0.093703605
0.016875872
0.21353014
0.062660106
0.053126596
0.06319821
0.020206029
-0.002634267
0.19521356
-0.085111625
-0.1748611
-0.004729311
-0.12539293
0.07953343
0.19541112
0.04887487
0.04228217
-0.034585007
0.062775955
0.07732672
0.069340035
0.04254701
-0.1870295
0.06658399
-0.0019931432
0.029117843
0.11403652
-0.08654821
-0.052026186
0.08510805
0.19514611
-0.07152309
0.08409917
-0.07143424
0.22324835
-0.09570647
-0.017641854
-0.18659417
0.05090945
0.06230998
-0.08276463
0.16466482
-0.091487475
-0.07392654
-0.18588008
-0.032650467
-0.16818564
0.07992668
0.037261304
0.028663123
-0.08631173
-0.07455598
-0.07196394
0.0019754784
0.049685024
0.013031773
-0.050990008
0.076585025
0.17330986
-0.0066082235
0.25346044
0.17592742
0.13003537
0.03267092
0.015037759
0.039675947
0.11778144
0.014983776
0.08702489
0.1604078
-0.016898612
-0.22673196
0.0007357992
-0.005416393
-0.2070776
-0.010413908
-0.031501018
0.04309845
-0.13127458
-0.038149923
0.025323212
-0.059741978
-0.063911945
-0.0067192432
-0.006407248
0.12273526
0.033692077
-0.13966906
0.06397088
-0.014642534
0.15970959
-0.08106046
0.023568038
0.08659034
0.09816943
0.20177528
0.21892703
-0.11992691
0.060821414
-0.11438649
0.019237148
0.11194333
-0.07712723
-0.12658343
0.049381744
0.021964494
-0.1770904
0.10128881
0.07516774
0.069768496
