-0.21991777
0.13752587
0.025690515
0.21796313
0.00027772217
-0.03062015
-0.15129876
-0.10920214
-0.075833865
-0.053326372
-0.17142777
0.05299193
0.03903428
0.09477342
-0.11993153
-0.10751567
-0.07653628
-0.07018197
0.024455003
-0.13598594
-0.01403165
0.1382247
-0.10412137
0.08159236
-0.13069095
-0.15475035
-0.21704718
0.12245926
-0.026860412
0.068358004
-0.0318527
0.12973647
-0.10289342
-0.12217403
0.13384105
-0.14749655
0.117369115
0.12825748
-0.047354918
-0.17958127
-0.15291077
-0.30049953
-0.010235772
-0.08776177
0.03584738
-0.045619413
0.06610174
0.062396854
0.031759333
0.08237576
-0.09615796
-0.015134313
-0.02404925
-0.08854189
0.15760504
0.060460042
-0.0077937115
0.17564707
0.010580611
-0.20323354
-0.08477345
-0.017631128
0.06605267
-0.0067502107
0.10016663
-0.17972814
-0.30203658
0.07599089
-0.15374863
0.028769221
0.07936916
0.04088979
-0.06236036
0.03299129
-0.035307113
-0.083696194
0.08132281
-0.12412669
0.15973374
-0.038011245
-0.11795237
0.1364052
-0.18391824
0.14030266
0.1341329
-0.005916711
0.1521988
0.11677989
-0.003946041
0.14539625
0.109473504
-0.1380151
-0.23160356
-0.040314503
-0.10497173
0.05698778
0.07325118
0.049145613
-0.11838286
-0.1354273
0.08732449
-0.19318357
-0.05259282
0.010912966
-0.052870445
-0.11992261
-0.09344447
-0.119956456
-0.10091989
0.22281624
0.072351545
0.015429566
-0.07093049
-0.10157273
-0.10473135
0.11682543
0.167113
-0.194264
0.051645737
-0.24890979
-0.041510135
-0.13263464
-0.08676428
-0.028409816
-0.047353886
0.10004225
0.041799705
-0.3130138
0.08942891
-0.051308125
0.008904106
-0.16085055
0.12084794
0.12692742
0.13937113
-0.020881021
0.14076214
-0.021003032
-0.124950916
-0.28416508
0.040161446
0.13577862
0.1198244
-0.032382667
0.15308745
-0.01413558
-0.0039900364
-0.0859619
-0.21839595
-0.10925597
0.08922784
-0.0045019956
0.10165596
0.10624536
-0.23863097
-0.07283573
-0.17197257
0.11388711
0.10968164
0.09490514
0.07424116
0.118318655
0.09647044
-0.041086078
0.05616761
-0.20792097
0.10808694
-0.16053975
0.04706513
-0.044126302
0.103188194
-0.07768127
-0.09635754
0.091747835
0.14339964
0.097037636
0.10755204
-0.013861294
0.080601566
-0.03192026
-0.0036325275
-0.014496888
0.18871987
0.040231135
-0.1978064
-0.18169099
-0.015257977
0.03651046
0.08729359
-0.096951395
-0.012894495
0.08428547
-0.19176418
-0.18603441
0.05960248
-0.19060811
0.119720645
-0.15438762
-0.124390215
0.06756983
0.069979236
-0.19891812
-0.024319058
0.021843333
-0.0056080706
0.15167846
0.0034567204
0.13747354
-0.2393727
0.11834826
-0.031657252
-0.29337788
0.016722798
0.07709004
-0.21217124
0.114738785
-0.09379398
-0.15700342
0.10056102
0.041614555
0.0013649275
-0.068476856
0.13438512
-0.033055965
0.19940205
0.019268597
-0.18489873
-0.22176452
-0.002431137
0.144953
-0.06241389
-0.117180236
-0.09599537
0.089060165
-0.07980609
0.06315707
-0.082855605
-0.112729385
-0.0043628155
-0.07155729
0.03110631
-0.04866136
0.06747107
-0.16747671
-0.16256505
-0.023966977
0.08024295
0.0014848739
0.03250957
-0.023622895
-0.12599449
0.09768856
0.10181154
-0.007570994
-0.15641165
0.025466861
0.04641116
0.089541845
-0.09620507
-0.08412717
0.16473477
0.10030011
-0.113802046
-0.07351006
-0.0882533
-0.14364965
-0.11429814
0.16961569
-0.06460712
-0.06946122
-0.011072047
0.07838106
0.049026906
0.07394967
0.16538198
-0.1860327
-0.19559176
-0.22067441
0.13523754
0.1381192
-0.09928159
-0.048876606
-0.028219122
0.06288833
0.16421466
-0.16288808
0.01860235
0.07842938
-0.072458655
0.11228168
0.15201025
-0.22148989
0.15864924
0.0065481956
-0.057931535
-0.108985625
0.09849898
-0.10922296
0.13119578
-0.17763928
-0.22921075
0.1404042
-0.19734542
-0.016241197
-0.109091535
0.14966568
-0.014715367
-0.14208816
0.13570803
-0.03456307
0.13114507
-0.21773808
0.053033967
-0.1647278
-0.043940485
0.05197474
-0.1553064
-0.018519236
0.05394099
0.071021095
-0.07143628
0.10802575
0.06068938
-0.13605319
0.101691775
-0.08540163
0.08468201
-0.04547939
0.14055656
-0.18321157
-0.10177632
0.14839686
-0.08400232
-0.1250352
0.09298344
0.0032074256
-0.037961077
0.085238755
0.083573766
0.10287386
0.012643121
0.031698506
0.051035
0.011752349
-0.20664151
0.028284186
0.01974044
-0.17127748
0.04165197
-0.16881695
-0.18893138
0.07461463
-0.0793643
-0.03346561
-0.039554674
0.035763294
-0.17839943
0.037493672
-0.0106488485
-0.019870033
0.15317734
0.051903527
-0.16652071
-0.1855259
-0.04758261
0.072386965
0.0038277688
-0.036399487
0.08873242
-0.020851316
0.058284782
-0.16934147
0.12548895
0.13185348
-0.20818016
-0.21226734
-0.10415667
-0.13940406
-0.021454401
0.14390293
-0.18568191
0.011786969
-0.17754291
-0.15950051
-0.13146333
-0.06319971
-0.18442288
0.0940336
-0.027718613
-0.03430614
0.12993816
-0.17375346
0.05870977
-0.19742993
-0.0057376893
0.073501095
0.1347734
-0.05535338
-0.1435807
0.15145008
0.028668407
-0.1455086
0.1334563
-0.019360282
-0.033399846
-0.083702564
-0.089823745
-0.103432514
0.017429976
-0.03541237
-0.010579002
0.098372854
-0.1483801
-0.03542447
0.16168252
-0.046234198
-0.010041442
0.025838783
-0.16096842
-0.08840381
-0.124968015
0.09582665
0.10684366
-0.12707756
-0.1718268
0.021842469
0.07503495
-0.08665564
-0.09873086
-0.11202896
0.18835318
0.06702333
-0.04464618
0.08532699
-0.28153548
-0.11055809
0.035110414
0.031015426
-0.046610296
-0.17206392
-0.18476792
-0.098947726
0.0747058
0.10133002
-0.19311422
0.038773738
0.1661975
-0.18081622
-0.026496401
-0.20731631
-0.1344349
-0.233257
-0.011010463
-0.018783279
0.045759704
0.049489792
0.016089454
-0.19941054
0.04292277
0.040115688
-0.13662703
-0.11294386
-0.037147123
-0.0081713
0.16793814
0.1459581
-0.09215906
0.12499763
0.11786543
0.14081578
0.018570803
-0.096389204
0.20202565
0.008844331
-0.072853506
-0.08803484
-0.20503649
0.10686144
0.14822462
-0.19868895
-0.23554775
-0.073682934
0.029435469
-0.16111162
-0.0015148887
0.0656236
0.056361306
-0.16508064
0.03361067
-0.17092283
-0.34447634
0.11185458
-0.05576505
0.20012555
-0.11918165
-0.00053679006
-0.20816723
0.06226732
0.097451895
-0.041752033
-0.22829576
0.045411117
0.11885053
0.084643416
-0.15933543
-0.253856
-0.25822562
0.05277266
0.08308473
-0.16287233
-0.1155538
0.1427247
-0.108778104
-0.07250849
0.12299091
-0.26609612
-0.18688564
-0.28345856
0.09164673
0.025659245
0.010671881
-0.09516848
-0.09860335
-0.034966614
0.12894277
0.18505442
0.17722729
-0.09657632
-0.060235247
0.11118719
-0.20199609
-0.029177882
-0.05934409
0.018856365
0.025515607
-0.05874957
-0.13967337
0.04331738
-0.10925938
0.07688771
-0.036411736
0.15257058
-0.15770985
0.17345066
0.19312783
-0.06585171
-0.07395772
0.0203938
-0.2467223
0.059738092
0.13860989
-0.13008742
-0.060009405
-0.036932904
-0.06858167
0.13410032
0.014758107
0.22279811
-0.10286867
-0.09368233
0.10231591
-0.22939458
-0.14762683
0.11016953
-0.0482994
0.16162889
-0.08888189
-0.16672787
0.11216842
0.1146077
-0.12722735
0.08909616
-0.12704457
-0.20998864
0.14332359
-0.24495915
0.045403883
-0.009077927
-0.22246957
0.083535686
-0.0085346
-0.14618425
0.052991197
0.19053741
-0.12936096
-0.10289418
-0.12883414
0.13772255
-0.17070416
-0.18444058
-0.16016519
-0.09674366
0.14311558
0.17308055
-0.12973812
0.024474723
-0.14450634
-0.060367312
-0.14095606
0.10875516
-0.093416005
-0.16984856
-0.07812251
-0.07315567
-0.18919349
-0.10636527
0.058752075
0.15624249
-0.07844069
-0.25872052
-0.070959136
-0.12382909
-0.1534585
-0.13993563
-0.06090833
0.20079747
0.24007216
-0.04515975
0.12299724
-0.11883077
0.08644676
0.0047764843
0.121685915
-0.11621699
0.12031613
0.06608863
0.18073206
-0.21717216
0.01420183
-0.22527303
0.14674725
0.13356513
0.024002345
-0.069182605
-0.22453636
-0.092361934
-0.15047584
-0.06751803
0.10913301
-0.11761648
-0.05524058
0.08227041
0.088229835
0.07384709
-0.110532135
0.06293807
0.09497593
-0.053420663
0.0661223
-0.25329286
0.14303032
-0.05055272
0.06427686
-0.22314595
0.17509815
2.204385e-06
-0.031927407
-0.0013445985
-0.19413482
0.032740086
-0.29332015
-0.13240194
-0.0078521995
0.104520656
-0.034962196
0.08156079
-0.12441665
-0.15079582
0.020977162
0.0715216
-0.032959912
0.023432126
-0.11977542
-0.06509055
0.11337066
-0.09305889
0.06798111
0.14821476
0.1635431
-0.15016222
0.14292489
0.10047433
0.08494805
0.029769678
-0.18120229
0.08261459
0.049070664
-0.23442353
0.1150416
-0.091293134
-0.05937323
0.08835294
-0.10653987
0.13320445
-0.06934119
0.044835556
-0.13596639
-0.13830973
-0.14220461
0.06298611
-0.30223167
-0.17605633
0.027378773
0.21582821
-0.18033993
-0.018476345
-0.15948355
0.02665663
-0.1589906
0.0918569
-0.033494376
0.15480255
0.048896506
0.071875304
-0.20361243
0.07856124
-0.20732714
0.0957133
-0.14453919
-0.006579759
-0.14589374
-0.09576231
-0.15830255
-0.09311872
-0.10400576
0.036617476
-0.004419665
0.015796965
-0.13284865
-0.17538927
0.0649141
-0.037742924
0.016797975
-0.077962846
-0.114064366
0.0506967
-0.308449
0.04277585
0.09112564
0.12941737
-0.11358885
0.22050902
0.0043771234
-0.067280464
-0.005707108
-0.040851973
-0.119524255
0.022652421
-0.14278778
0.026134895
-0.061042372
-0.034376774
0.029434428
-0.050141424
-0.21078572
-0.04646495
0.020906271
0.12947942
-0.06609399
0.12072398
0.14212327
0.061690424
0.23598486
-0.020046826
-0.11292005
0.07069767
-0.039399102
-0.0031320865
-0.08233787
-0.17851296
0.08624561
0.0740325
0.10778959
-0.100541264
0.020626599
0.0648132
-0.15056406
-0.00031952525
-0.04986799
-0.11122113
0.19695958
-0.09293036
0.0252653
-0.06862177
-0.17635082
-0.026600204
-0.012180754
-0.10832182
-0.02071653
-0.21841227
0.009968372
-0.04232414
-0.1783847
-0.12308332
0.14507905
0.13260739
-0.12961139
0.15043452
-0.040561475
0.11966939
-0.03978169
0.11719009
0.11466722
-0.037897896
-0.1271275
0.0052538905
-0.009807188
0.021415185
0.012337661
0.02672131
-0.0069397544
0.15699641
0.053474978
0.048229184
-0.006279187
-0.04516133
0.08060457
0.029361457
0.09922142
-0.0020607589
-0.04134814
0.114396155
0.040773638
-0.09481485
-0.105351456
0.11513645
-0.030895378
-0.10950067
-0.15727273
-0.1703593
-0.03542815
-0.19449003
0.029194849
0.031020543
-0.17235494
0.052596547
-0.07778869
0.030948676
-0.05524784
-0.096093096
0.1530165
0.14915879
-0.100095175
-0.08683213
0.110150315
-0.012390617
0.15780866
0.050415397
-0.09967834
-0.14379025
0.019136373
-0.17716582
-0.1994489
-0.21657905
-0.08527669
-0.19059068
0.07438466
-0.074812844
-0.17528555
-0.124399416
-0.2072784
0.017236235
0.024442723
-0.13067707
0.08829565
-0.06400169
-0.05368914
0.17501618
-0.04381884
0.024419496
0.13517484
0.12935728
0.1556712
0.075946786
0.16063757
-0.16504075
-0.001225022
-0.05325202
-0.15347916
-0.021776317
-0.16256489
-0.046318498
0.0104287155
0.054044012
-0.06528543
-0.008659923
0.02239335
-0.082329854
-0.068148375
0.07870838
0.12404761
-0.25791645
-0.10717873
0.07073413
0.0647708
0.15192288
0.075859696
-0.04755665
-0.1103302
0.16278115
-0.07594215
0.054240182
0.09800495
0.0754843
-0.07104066
-0.17195022
-0.16148871
0.11557878
0.003919891
0.092976585
0.0495429
-0.09711631
0.0003307415
0.14467563
-0.2642877
0.11170835
-0.17821111
0.053268224
-0.1589003
-0.15553902
0.08895221
-0.09890935
-0.04302104
-0.0019287507
0.13490558
0.11063063
0.09228652
-0.04865453
-0.032583788
0.07794515
-0.05564336
-0.08042719
0.0024375797
0.20812714
-0.016009135
0.072735175
-0.13259651
-0.03476145
-0.12037961
-0.16042589
0.0037174674
-0.08272019
-0.16753773
0.06873349
-0.22485496
-0.07119646
-0.080840096
-0.13141902
0.060044862
0.012465958
0.030431487
-0.072362825
0.12573008
-0.1087919
0.21368779
0.028281195
0.20590928
-0.06803548
0.04215093
-0.11042316
0.2129887
-0.10265449
0.05085357
0.041799076
-0.05363018
-0.15091231
-0.09895021
0.046187684
-0.09951053
0.15686569
0.11179015
0.06850531
-0.07287633
-0.21160893
0.09879081
-0.08891592
0.118694454
0.056589827
-0.004670477
0.06920326
0.0045105517
0.026303442
-0.03303405
0.12183992
-0.24201636
0.14707652
-0.17005187
-0.06632679
-0.25320023
-0.00094244315
0.030769931
-0.16943818
0.17314713
0.101282
-0.080713354
-0.2380535
0.07142311
0.09606164
0.17642742
0.11139882
0.20276916
-0.033427946
-0.027264152
0.17055246
-0.010889708
-0.14069681
0.013797
0.040106926
-0.17896688
0.09289036
-0.16607943
0.13554487
-0.05528593
0.07502102
-0.101011686
-7.239585e-06
-0.094833486
0.07627535
-0.057184998
-0.0001295398
-0.13992997
-0.25917497
0.12277409
-0.062106233
-0.048360888
-0.04087984
-0.24584296
0.1411339
0.013724646
-0.11313177
-0.16604748
-0.12250837
-0.23761411
-0.045831516
-0.010557804
-0.02460956
-0.08962244
-0.032018594
-0.030329311
-0.0034877951
-0.08263596
-0.20141251
0.14162777
0.09920401
0.18176456
-0.25316668
-0.08218677
-0.012610195
0.18854123
-0.09654159
-0.20060137
-0.24651803
-0.08667139
0.19860561
-0.055235256
0.14674686
0.115754314
-0.11328556
-0.013887255
0.21231925
-0.015658462
0.11557473
-0.102540076
0.028487548
-0.07059378
-0.041844636
0.15828082
0.10284261
0.0006790506
0.033195134
-0.02258832
-0.12621917
0.00885655
0.0784966
0.1391091
0.10765387
-0.10054617
0.1419865
0.12819871
0.14836957
-0.17486624
-0.045395914
-0.108165875
0.030325796
0.045404606
-0.0873539
-0.028016454
-0.03416332
-0.086861394
0.10322493
-0.0617466
-0.17502683
-0.11589064
0.04061467
-0.054173432
0.07311301
-0.0839405
-0.082753696
0.05761757
-0.13081045
-0.01861595
0.07078429
-0.022441696
0.0020297691
-0.12793933
0.14741898
-0.19689898
0.06235599
-0.13725282
-0.039791945
0.15451896
0.093752876
0.13074926
0.016322182
-0.21121716
-0.107350886
-0.17521442
0.13205396
-0.030528909
0.051245734
-0.023437995
-0.19932574
-0.062321246
0.10179435
-0.090525396
0.06430266
0.09152091
0.13018657
0.028102627
-0.14759313
-0.19629985
0.100508325
0.104546204
0.10811573
-0.0077019096
0.12939587
0.11013658
-0.11828363
0.09992313
-0.07522523
0.067343004
0.027623132
-0.03535338
-0.22869764
0.04190216
-0.14893323
0.06205983
-0.15087032
0.050378155
0.05544866
-0.14606021
0.008888336
0.030051006
-0.06815399
-0.07683078
0.074996285
0.18622112
-0.28054965
-0.120652646
0.021900952
0.00788301
0.12879537
-0.0022679125
0.016856393
0.12806146
-0.2832636
-0.21519162
-0.09609683
-0.09446885
0.076312006
0.004441307
-0.10014506
-0.050060596
-0.109821066
0.0745287
0.08453166
-0.1150294
0.10776556
-0.0037361714
-0.23118612
-0.031251464
-0.054404315
0.04261188
0.0050518177
0.0041111056
-0.10232683
0.058175568
0.035824273
-0.08468426
-0.02751153
-0.06711959
0.082547225
0.15893789
-0.17111596
0.17734261
-0.24874836
-0.12432787
0.1699403
-0.23094432
-0.021974836
0.01132036
-0.025655998
-0.11977324
0.090403326
0.11310973
-0.14427452
0.051539473
0.012334972
0.12380252
-0.14284833
-0.22759002
0.11068971
-0.06367372
0.0016232656
0.07419846
0.02583414
-0.1357574
0.07004309
0.032209925
0.06982933
-0.051574238
-0.18605793
-0.12624945
-0.09968189
-0.043983955
-0.11921126
-0.1764652
0.06920799
0.0447172
-0.02360222
0.050496668
-0.1564475
-0.10104663
0.08216834
-0.27728724
0.09729383
0.08574677
-0.23893543
0.08880972
-0.030579152
0.061086286
0.043840725
-0.056175392
0.078756556
-0.19813733
-0.07183863
0.017691469
0.079639904
0.12905459
0.006262263
0.054660227
-0.14467299
-0.23740652
-0.14938417
-0.16546787
0.02410365
0.052579377
-0.08050722
0.040467113
0.0046594995
-0.18040611
0.12697874
-0.09141619
0.06320972
-0.2311538
0.07338424
-0.103246
-0.0032437018
0.020249348
-0.15806867
0.10406671
-0.02581861
0.06399995
-0.11693476
-0.09693162
-0.0032533936
0.07396953
0.12324984
0.062162537
-0.17221703
